{
 "cells": [
  {
   "cell_type": "code",
   "execution_count": 1,
   "metadata": {},
   "outputs": [],
   "source": [
    "from prophet import Prophet\n",
    "import numpy as np\n",
    "import pandas as pd\n",
    "import json\n",
    "import warnings"
   ]
  },
  {
   "cell_type": "code",
   "execution_count": 2,
   "metadata": {},
   "outputs": [],
   "source": [
    "## 데이터로드\n",
    "df = pd.read_csv(\"C:/Users/User/github/Quant/data/kospi_category.csv\", encoding='cp949')"
   ]
  },
  {
   "cell_type": "code",
   "execution_count": 5,
   "metadata": {},
   "outputs": [],
   "source": [
    "start_date = '2004-01-01'\n",
    "end_date = '2020-03-01'\n",
    " \n",
    "df.index = pd.date_range(start_date,end_date,freq='m')"
   ]
  },
  {
   "cell_type": "code",
   "execution_count": 6,
   "metadata": {},
   "outputs": [],
   "source": [
    "df.drop('date',axis=1, inplace=True)"
   ]
  },
  {
   "cell_type": "code",
   "execution_count": 20,
   "metadata": {},
   "outputs": [
    {
     "data": {
      "text/plain": [
       "135.79999999999998"
      ]
     },
     "execution_count": 20,
     "metadata": {},
     "output_type": "execute_result"
    }
   ],
   "source": [
    "len(df)*0.7"
   ]
  },
  {
   "cell_type": "code",
   "execution_count": 22,
   "metadata": {},
   "outputs": [],
   "source": [
    "train = df.iloc[:135,:]\n",
    "test = df.iloc[135:,:]"
   ]
  },
  {
   "cell_type": "code",
   "execution_count": 24,
   "metadata": {},
   "outputs": [
    {
     "data": {
      "text/html": [
       "<div>\n",
       "<style scoped>\n",
       "    .dataframe tbody tr th:only-of-type {\n",
       "        vertical-align: middle;\n",
       "    }\n",
       "\n",
       "    .dataframe tbody tr th {\n",
       "        vertical-align: top;\n",
       "    }\n",
       "\n",
       "    .dataframe thead th {\n",
       "        text-align: right;\n",
       "    }\n",
       "</style>\n",
       "<table border=\"1\" class=\"dataframe\">\n",
       "  <thead>\n",
       "    <tr style=\"text-align: right;\">\n",
       "      <th></th>\n",
       "      <th>제조업</th>\n",
       "      <th>음식료품</th>\n",
       "      <th>섬유의복</th>\n",
       "      <th>종이목재</th>\n",
       "      <th>화학</th>\n",
       "      <th>의약품</th>\n",
       "      <th>비금속광물</th>\n",
       "      <th>철강금속</th>\n",
       "      <th>기계</th>\n",
       "      <th>전기전자</th>\n",
       "      <th>...</th>\n",
       "      <th>유통업</th>\n",
       "      <th>전기가스업</th>\n",
       "      <th>건설업</th>\n",
       "      <th>운수창고업</th>\n",
       "      <th>통신업</th>\n",
       "      <th>금융업</th>\n",
       "      <th>은행</th>\n",
       "      <th>증권</th>\n",
       "      <th>보험</th>\n",
       "      <th>서비스업</th>\n",
       "    </tr>\n",
       "  </thead>\n",
       "  <tbody>\n",
       "    <tr>\n",
       "      <th>제조업</th>\n",
       "      <td>1.000000</td>\n",
       "      <td>0.852713</td>\n",
       "      <td>0.796107</td>\n",
       "      <td>0.350777</td>\n",
       "      <td>0.956254</td>\n",
       "      <td>0.711579</td>\n",
       "      <td>0.009088</td>\n",
       "      <td>0.755305</td>\n",
       "      <td>0.461514</td>\n",
       "      <td>0.899321</td>\n",
       "      <td>...</td>\n",
       "      <td>0.844306</td>\n",
       "      <td>0.298498</td>\n",
       "      <td>0.148679</td>\n",
       "      <td>0.627703</td>\n",
       "      <td>-0.144394</td>\n",
       "      <td>0.355066</td>\n",
       "      <td>0.195860</td>\n",
       "      <td>0.155999</td>\n",
       "      <td>0.769443</td>\n",
       "      <td>0.966039</td>\n",
       "    </tr>\n",
       "    <tr>\n",
       "      <th>음식료품</th>\n",
       "      <td>0.852713</td>\n",
       "      <td>1.000000</td>\n",
       "      <td>0.896869</td>\n",
       "      <td>0.514889</td>\n",
       "      <td>0.720400</td>\n",
       "      <td>0.780014</td>\n",
       "      <td>0.310595</td>\n",
       "      <td>0.479571</td>\n",
       "      <td>0.249604</td>\n",
       "      <td>0.892836</td>\n",
       "      <td>...</td>\n",
       "      <td>0.757608</td>\n",
       "      <td>0.572289</td>\n",
       "      <td>0.056211</td>\n",
       "      <td>0.413555</td>\n",
       "      <td>0.181726</td>\n",
       "      <td>0.314337</td>\n",
       "      <td>0.101799</td>\n",
       "      <td>0.058262</td>\n",
       "      <td>0.683319</td>\n",
       "      <td>0.889533</td>\n",
       "    </tr>\n",
       "    <tr>\n",
       "      <th>섬유의복</th>\n",
       "      <td>0.796107</td>\n",
       "      <td>0.896869</td>\n",
       "      <td>1.000000</td>\n",
       "      <td>0.611734</td>\n",
       "      <td>0.721663</td>\n",
       "      <td>0.807659</td>\n",
       "      <td>0.474613</td>\n",
       "      <td>0.583414</td>\n",
       "      <td>0.411954</td>\n",
       "      <td>0.743505</td>\n",
       "      <td>...</td>\n",
       "      <td>0.833035</td>\n",
       "      <td>0.646270</td>\n",
       "      <td>0.265856</td>\n",
       "      <td>0.556390</td>\n",
       "      <td>0.291725</td>\n",
       "      <td>0.515728</td>\n",
       "      <td>0.327945</td>\n",
       "      <td>0.295365</td>\n",
       "      <td>0.754067</td>\n",
       "      <td>0.879833</td>\n",
       "    </tr>\n",
       "    <tr>\n",
       "      <th>종이목재</th>\n",
       "      <td>0.350777</td>\n",
       "      <td>0.514889</td>\n",
       "      <td>0.611734</td>\n",
       "      <td>1.000000</td>\n",
       "      <td>0.223564</td>\n",
       "      <td>0.764275</td>\n",
       "      <td>0.636462</td>\n",
       "      <td>0.425570</td>\n",
       "      <td>0.606761</td>\n",
       "      <td>0.280063</td>\n",
       "      <td>...</td>\n",
       "      <td>0.673335</td>\n",
       "      <td>0.828309</td>\n",
       "      <td>0.699391</td>\n",
       "      <td>0.540109</td>\n",
       "      <td>0.573298</td>\n",
       "      <td>0.821419</td>\n",
       "      <td>0.626012</td>\n",
       "      <td>0.689359</td>\n",
       "      <td>0.622696</td>\n",
       "      <td>0.474833</td>\n",
       "    </tr>\n",
       "    <tr>\n",
       "      <th>화학</th>\n",
       "      <td>0.956254</td>\n",
       "      <td>0.720400</td>\n",
       "      <td>0.721663</td>\n",
       "      <td>0.223564</td>\n",
       "      <td>1.000000</td>\n",
       "      <td>0.598244</td>\n",
       "      <td>-0.046014</td>\n",
       "      <td>0.794475</td>\n",
       "      <td>0.487278</td>\n",
       "      <td>0.765297</td>\n",
       "      <td>...</td>\n",
       "      <td>0.803611</td>\n",
       "      <td>0.150189</td>\n",
       "      <td>0.164028</td>\n",
       "      <td>0.667911</td>\n",
       "      <td>-0.254153</td>\n",
       "      <td>0.311528</td>\n",
       "      <td>0.197428</td>\n",
       "      <td>0.168571</td>\n",
       "      <td>0.708365</td>\n",
       "      <td>0.921848</td>\n",
       "    </tr>\n",
       "    <tr>\n",
       "      <th>의약품</th>\n",
       "      <td>0.711579</td>\n",
       "      <td>0.780014</td>\n",
       "      <td>0.807659</td>\n",
       "      <td>0.764275</td>\n",
       "      <td>0.598244</td>\n",
       "      <td>1.000000</td>\n",
       "      <td>0.342793</td>\n",
       "      <td>0.701258</td>\n",
       "      <td>0.643036</td>\n",
       "      <td>0.618682</td>\n",
       "      <td>...</td>\n",
       "      <td>0.823435</td>\n",
       "      <td>0.748642</td>\n",
       "      <td>0.519600</td>\n",
       "      <td>0.681012</td>\n",
       "      <td>0.369644</td>\n",
       "      <td>0.666025</td>\n",
       "      <td>0.392486</td>\n",
       "      <td>0.567692</td>\n",
       "      <td>0.898190</td>\n",
       "      <td>0.787905</td>\n",
       "    </tr>\n",
       "    <tr>\n",
       "      <th>비금속광물</th>\n",
       "      <td>0.009088</td>\n",
       "      <td>0.310595</td>\n",
       "      <td>0.474613</td>\n",
       "      <td>0.636462</td>\n",
       "      <td>-0.046014</td>\n",
       "      <td>0.342793</td>\n",
       "      <td>1.000000</td>\n",
       "      <td>-0.004502</td>\n",
       "      <td>0.156718</td>\n",
       "      <td>0.033645</td>\n",
       "      <td>...</td>\n",
       "      <td>0.255514</td>\n",
       "      <td>0.657169</td>\n",
       "      <td>0.342101</td>\n",
       "      <td>0.173073</td>\n",
       "      <td>0.666155</td>\n",
       "      <td>0.397011</td>\n",
       "      <td>0.293348</td>\n",
       "      <td>0.335578</td>\n",
       "      <td>0.172186</td>\n",
       "      <td>0.196981</td>\n",
       "    </tr>\n",
       "    <tr>\n",
       "      <th>철강금속</th>\n",
       "      <td>0.755305</td>\n",
       "      <td>0.479571</td>\n",
       "      <td>0.583414</td>\n",
       "      <td>0.425570</td>\n",
       "      <td>0.794475</td>\n",
       "      <td>0.701258</td>\n",
       "      <td>-0.004502</td>\n",
       "      <td>1.000000</td>\n",
       "      <td>0.846576</td>\n",
       "      <td>0.458625</td>\n",
       "      <td>...</td>\n",
       "      <td>0.822892</td>\n",
       "      <td>0.315843</td>\n",
       "      <td>0.603746</td>\n",
       "      <td>0.919775</td>\n",
       "      <td>-0.073922</td>\n",
       "      <td>0.625279</td>\n",
       "      <td>0.481831</td>\n",
       "      <td>0.616966</td>\n",
       "      <td>0.882905</td>\n",
       "      <td>0.759393</td>\n",
       "    </tr>\n",
       "    <tr>\n",
       "      <th>기계</th>\n",
       "      <td>0.461514</td>\n",
       "      <td>0.249604</td>\n",
       "      <td>0.411954</td>\n",
       "      <td>0.606761</td>\n",
       "      <td>0.487278</td>\n",
       "      <td>0.643036</td>\n",
       "      <td>0.156718</td>\n",
       "      <td>0.846576</td>\n",
       "      <td>1.000000</td>\n",
       "      <td>0.136387</td>\n",
       "      <td>...</td>\n",
       "      <td>0.738021</td>\n",
       "      <td>0.383278</td>\n",
       "      <td>0.884151</td>\n",
       "      <td>0.924605</td>\n",
       "      <td>0.124319</td>\n",
       "      <td>0.782659</td>\n",
       "      <td>0.598425</td>\n",
       "      <td>0.862480</td>\n",
       "      <td>0.785014</td>\n",
       "      <td>0.514435</td>\n",
       "    </tr>\n",
       "    <tr>\n",
       "      <th>전기전자</th>\n",
       "      <td>0.899321</td>\n",
       "      <td>0.892836</td>\n",
       "      <td>0.743505</td>\n",
       "      <td>0.280063</td>\n",
       "      <td>0.765297</td>\n",
       "      <td>0.618682</td>\n",
       "      <td>0.033645</td>\n",
       "      <td>0.458625</td>\n",
       "      <td>0.136387</td>\n",
       "      <td>1.000000</td>\n",
       "      <td>...</td>\n",
       "      <td>0.646196</td>\n",
       "      <td>0.317519</td>\n",
       "      <td>-0.142280</td>\n",
       "      <td>0.317823</td>\n",
       "      <td>-0.071230</td>\n",
       "      <td>0.153665</td>\n",
       "      <td>0.010885</td>\n",
       "      <td>-0.107219</td>\n",
       "      <td>0.584161</td>\n",
       "      <td>0.851958</td>\n",
       "    </tr>\n",
       "    <tr>\n",
       "      <th>의료정밀</th>\n",
       "      <td>0.830692</td>\n",
       "      <td>0.707802</td>\n",
       "      <td>0.728711</td>\n",
       "      <td>0.427539</td>\n",
       "      <td>0.761751</td>\n",
       "      <td>0.780252</td>\n",
       "      <td>0.048466</td>\n",
       "      <td>0.772546</td>\n",
       "      <td>0.507199</td>\n",
       "      <td>0.753657</td>\n",
       "      <td>...</td>\n",
       "      <td>0.759763</td>\n",
       "      <td>0.452130</td>\n",
       "      <td>0.236100</td>\n",
       "      <td>0.621209</td>\n",
       "      <td>0.070288</td>\n",
       "      <td>0.454673</td>\n",
       "      <td>0.316909</td>\n",
       "      <td>0.312193</td>\n",
       "      <td>0.817403</td>\n",
       "      <td>0.845804</td>\n",
       "    </tr>\n",
       "    <tr>\n",
       "      <th>운수장비</th>\n",
       "      <td>0.965503</td>\n",
       "      <td>0.744543</td>\n",
       "      <td>0.685812</td>\n",
       "      <td>0.250292</td>\n",
       "      <td>0.967287</td>\n",
       "      <td>0.582816</td>\n",
       "      <td>-0.102365</td>\n",
       "      <td>0.732135</td>\n",
       "      <td>0.457249</td>\n",
       "      <td>0.805636</td>\n",
       "      <td>...</td>\n",
       "      <td>0.808114</td>\n",
       "      <td>0.138795</td>\n",
       "      <td>0.142572</td>\n",
       "      <td>0.603956</td>\n",
       "      <td>-0.278250</td>\n",
       "      <td>0.306399</td>\n",
       "      <td>0.181025</td>\n",
       "      <td>0.115102</td>\n",
       "      <td>0.679502</td>\n",
       "      <td>0.908177</td>\n",
       "    </tr>\n",
       "    <tr>\n",
       "      <th>유통업</th>\n",
       "      <td>0.844306</td>\n",
       "      <td>0.757608</td>\n",
       "      <td>0.833035</td>\n",
       "      <td>0.673335</td>\n",
       "      <td>0.803611</td>\n",
       "      <td>0.823435</td>\n",
       "      <td>0.255514</td>\n",
       "      <td>0.822892</td>\n",
       "      <td>0.738021</td>\n",
       "      <td>0.646196</td>\n",
       "      <td>...</td>\n",
       "      <td>1.000000</td>\n",
       "      <td>0.569448</td>\n",
       "      <td>0.580395</td>\n",
       "      <td>0.797657</td>\n",
       "      <td>0.126239</td>\n",
       "      <td>0.749536</td>\n",
       "      <td>0.576202</td>\n",
       "      <td>0.553812</td>\n",
       "      <td>0.881782</td>\n",
       "      <td>0.895320</td>\n",
       "    </tr>\n",
       "    <tr>\n",
       "      <th>전기가스업</th>\n",
       "      <td>0.298498</td>\n",
       "      <td>0.572289</td>\n",
       "      <td>0.646270</td>\n",
       "      <td>0.828309</td>\n",
       "      <td>0.150189</td>\n",
       "      <td>0.748642</td>\n",
       "      <td>0.657169</td>\n",
       "      <td>0.315843</td>\n",
       "      <td>0.383278</td>\n",
       "      <td>0.317519</td>\n",
       "      <td>...</td>\n",
       "      <td>0.569448</td>\n",
       "      <td>1.000000</td>\n",
       "      <td>0.489794</td>\n",
       "      <td>0.383716</td>\n",
       "      <td>0.691331</td>\n",
       "      <td>0.695227</td>\n",
       "      <td>0.536820</td>\n",
       "      <td>0.521407</td>\n",
       "      <td>0.595100</td>\n",
       "      <td>0.450988</td>\n",
       "    </tr>\n",
       "    <tr>\n",
       "      <th>건설업</th>\n",
       "      <td>0.148679</td>\n",
       "      <td>0.056211</td>\n",
       "      <td>0.265856</td>\n",
       "      <td>0.699391</td>\n",
       "      <td>0.164028</td>\n",
       "      <td>0.519600</td>\n",
       "      <td>0.342101</td>\n",
       "      <td>0.603746</td>\n",
       "      <td>0.884151</td>\n",
       "      <td>-0.142280</td>\n",
       "      <td>...</td>\n",
       "      <td>0.580395</td>\n",
       "      <td>0.489794</td>\n",
       "      <td>1.000000</td>\n",
       "      <td>0.742234</td>\n",
       "      <td>0.282869</td>\n",
       "      <td>0.872893</td>\n",
       "      <td>0.729975</td>\n",
       "      <td>0.949742</td>\n",
       "      <td>0.592520</td>\n",
       "      <td>0.234505</td>\n",
       "    </tr>\n",
       "    <tr>\n",
       "      <th>운수창고업</th>\n",
       "      <td>0.627703</td>\n",
       "      <td>0.413555</td>\n",
       "      <td>0.556390</td>\n",
       "      <td>0.540109</td>\n",
       "      <td>0.667911</td>\n",
       "      <td>0.681012</td>\n",
       "      <td>0.173073</td>\n",
       "      <td>0.919775</td>\n",
       "      <td>0.924605</td>\n",
       "      <td>0.317823</td>\n",
       "      <td>...</td>\n",
       "      <td>0.797657</td>\n",
       "      <td>0.383716</td>\n",
       "      <td>0.742234</td>\n",
       "      <td>1.000000</td>\n",
       "      <td>0.058153</td>\n",
       "      <td>0.692527</td>\n",
       "      <td>0.520723</td>\n",
       "      <td>0.749115</td>\n",
       "      <td>0.839612</td>\n",
       "      <td>0.679239</td>\n",
       "    </tr>\n",
       "    <tr>\n",
       "      <th>통신업</th>\n",
       "      <td>-0.144394</td>\n",
       "      <td>0.181726</td>\n",
       "      <td>0.291725</td>\n",
       "      <td>0.573298</td>\n",
       "      <td>-0.254153</td>\n",
       "      <td>0.369644</td>\n",
       "      <td>0.666155</td>\n",
       "      <td>-0.073922</td>\n",
       "      <td>0.124319</td>\n",
       "      <td>-0.071230</td>\n",
       "      <td>...</td>\n",
       "      <td>0.126239</td>\n",
       "      <td>0.691331</td>\n",
       "      <td>0.282869</td>\n",
       "      <td>0.058153</td>\n",
       "      <td>1.000000</td>\n",
       "      <td>0.360314</td>\n",
       "      <td>0.219187</td>\n",
       "      <td>0.333689</td>\n",
       "      <td>0.211442</td>\n",
       "      <td>0.029934</td>\n",
       "    </tr>\n",
       "    <tr>\n",
       "      <th>금융업</th>\n",
       "      <td>0.355066</td>\n",
       "      <td>0.314337</td>\n",
       "      <td>0.515728</td>\n",
       "      <td>0.821419</td>\n",
       "      <td>0.311528</td>\n",
       "      <td>0.666025</td>\n",
       "      <td>0.397011</td>\n",
       "      <td>0.625279</td>\n",
       "      <td>0.782659</td>\n",
       "      <td>0.153665</td>\n",
       "      <td>...</td>\n",
       "      <td>0.749536</td>\n",
       "      <td>0.695227</td>\n",
       "      <td>0.872893</td>\n",
       "      <td>0.692527</td>\n",
       "      <td>0.360314</td>\n",
       "      <td>1.000000</td>\n",
       "      <td>0.906308</td>\n",
       "      <td>0.871490</td>\n",
       "      <td>0.705483</td>\n",
       "      <td>0.440643</td>\n",
       "    </tr>\n",
       "    <tr>\n",
       "      <th>은행</th>\n",
       "      <td>0.195860</td>\n",
       "      <td>0.101799</td>\n",
       "      <td>0.327945</td>\n",
       "      <td>0.626012</td>\n",
       "      <td>0.197428</td>\n",
       "      <td>0.392486</td>\n",
       "      <td>0.293348</td>\n",
       "      <td>0.481831</td>\n",
       "      <td>0.598425</td>\n",
       "      <td>0.010885</td>\n",
       "      <td>...</td>\n",
       "      <td>0.576202</td>\n",
       "      <td>0.536820</td>\n",
       "      <td>0.729975</td>\n",
       "      <td>0.520723</td>\n",
       "      <td>0.219187</td>\n",
       "      <td>0.906308</td>\n",
       "      <td>1.000000</td>\n",
       "      <td>0.733708</td>\n",
       "      <td>0.463980</td>\n",
       "      <td>0.263258</td>\n",
       "    </tr>\n",
       "    <tr>\n",
       "      <th>증권</th>\n",
       "      <td>0.155999</td>\n",
       "      <td>0.058262</td>\n",
       "      <td>0.295365</td>\n",
       "      <td>0.689359</td>\n",
       "      <td>0.168571</td>\n",
       "      <td>0.567692</td>\n",
       "      <td>0.335578</td>\n",
       "      <td>0.616966</td>\n",
       "      <td>0.862480</td>\n",
       "      <td>-0.107219</td>\n",
       "      <td>...</td>\n",
       "      <td>0.553812</td>\n",
       "      <td>0.521407</td>\n",
       "      <td>0.949742</td>\n",
       "      <td>0.749115</td>\n",
       "      <td>0.333689</td>\n",
       "      <td>0.871490</td>\n",
       "      <td>0.733708</td>\n",
       "      <td>1.000000</td>\n",
       "      <td>0.628995</td>\n",
       "      <td>0.247868</td>\n",
       "    </tr>\n",
       "    <tr>\n",
       "      <th>보험</th>\n",
       "      <td>0.769443</td>\n",
       "      <td>0.683319</td>\n",
       "      <td>0.754067</td>\n",
       "      <td>0.622696</td>\n",
       "      <td>0.708365</td>\n",
       "      <td>0.898190</td>\n",
       "      <td>0.172186</td>\n",
       "      <td>0.882905</td>\n",
       "      <td>0.785014</td>\n",
       "      <td>0.584161</td>\n",
       "      <td>...</td>\n",
       "      <td>0.881782</td>\n",
       "      <td>0.595100</td>\n",
       "      <td>0.592520</td>\n",
       "      <td>0.839612</td>\n",
       "      <td>0.211442</td>\n",
       "      <td>0.705483</td>\n",
       "      <td>0.463980</td>\n",
       "      <td>0.628995</td>\n",
       "      <td>1.000000</td>\n",
       "      <td>0.817317</td>\n",
       "    </tr>\n",
       "    <tr>\n",
       "      <th>서비스업</th>\n",
       "      <td>0.966039</td>\n",
       "      <td>0.889533</td>\n",
       "      <td>0.879833</td>\n",
       "      <td>0.474833</td>\n",
       "      <td>0.921848</td>\n",
       "      <td>0.787905</td>\n",
       "      <td>0.196981</td>\n",
       "      <td>0.759393</td>\n",
       "      <td>0.514435</td>\n",
       "      <td>0.851958</td>\n",
       "      <td>...</td>\n",
       "      <td>0.895320</td>\n",
       "      <td>0.450988</td>\n",
       "      <td>0.234505</td>\n",
       "      <td>0.679239</td>\n",
       "      <td>0.029934</td>\n",
       "      <td>0.440643</td>\n",
       "      <td>0.263258</td>\n",
       "      <td>0.247868</td>\n",
       "      <td>0.817317</td>\n",
       "      <td>1.000000</td>\n",
       "    </tr>\n",
       "  </tbody>\n",
       "</table>\n",
       "<p>22 rows × 22 columns</p>\n",
       "</div>"
      ],
      "text/plain": [
       "            제조업      음식료품      섬유의복      종이목재        화학       의약품     비금속광물  \\\n",
       "제조업    1.000000  0.852713  0.796107  0.350777  0.956254  0.711579  0.009088   \n",
       "음식료품   0.852713  1.000000  0.896869  0.514889  0.720400  0.780014  0.310595   \n",
       "섬유의복   0.796107  0.896869  1.000000  0.611734  0.721663  0.807659  0.474613   \n",
       "종이목재   0.350777  0.514889  0.611734  1.000000  0.223564  0.764275  0.636462   \n",
       "화학     0.956254  0.720400  0.721663  0.223564  1.000000  0.598244 -0.046014   \n",
       "의약품    0.711579  0.780014  0.807659  0.764275  0.598244  1.000000  0.342793   \n",
       "비금속광물  0.009088  0.310595  0.474613  0.636462 -0.046014  0.342793  1.000000   \n",
       "철강금속   0.755305  0.479571  0.583414  0.425570  0.794475  0.701258 -0.004502   \n",
       "기계     0.461514  0.249604  0.411954  0.606761  0.487278  0.643036  0.156718   \n",
       "전기전자   0.899321  0.892836  0.743505  0.280063  0.765297  0.618682  0.033645   \n",
       "의료정밀   0.830692  0.707802  0.728711  0.427539  0.761751  0.780252  0.048466   \n",
       "운수장비   0.965503  0.744543  0.685812  0.250292  0.967287  0.582816 -0.102365   \n",
       "유통업    0.844306  0.757608  0.833035  0.673335  0.803611  0.823435  0.255514   \n",
       "전기가스업  0.298498  0.572289  0.646270  0.828309  0.150189  0.748642  0.657169   \n",
       "건설업    0.148679  0.056211  0.265856  0.699391  0.164028  0.519600  0.342101   \n",
       "운수창고업  0.627703  0.413555  0.556390  0.540109  0.667911  0.681012  0.173073   \n",
       "통신업   -0.144394  0.181726  0.291725  0.573298 -0.254153  0.369644  0.666155   \n",
       "금융업    0.355066  0.314337  0.515728  0.821419  0.311528  0.666025  0.397011   \n",
       "은행     0.195860  0.101799  0.327945  0.626012  0.197428  0.392486  0.293348   \n",
       "증권     0.155999  0.058262  0.295365  0.689359  0.168571  0.567692  0.335578   \n",
       "보험     0.769443  0.683319  0.754067  0.622696  0.708365  0.898190  0.172186   \n",
       "서비스업   0.966039  0.889533  0.879833  0.474833  0.921848  0.787905  0.196981   \n",
       "\n",
       "           철강금속        기계      전기전자  ...       유통업     전기가스업       건설업  \\\n",
       "제조업    0.755305  0.461514  0.899321  ...  0.844306  0.298498  0.148679   \n",
       "음식료품   0.479571  0.249604  0.892836  ...  0.757608  0.572289  0.056211   \n",
       "섬유의복   0.583414  0.411954  0.743505  ...  0.833035  0.646270  0.265856   \n",
       "종이목재   0.425570  0.606761  0.280063  ...  0.673335  0.828309  0.699391   \n",
       "화학     0.794475  0.487278  0.765297  ...  0.803611  0.150189  0.164028   \n",
       "의약품    0.701258  0.643036  0.618682  ...  0.823435  0.748642  0.519600   \n",
       "비금속광물 -0.004502  0.156718  0.033645  ...  0.255514  0.657169  0.342101   \n",
       "철강금속   1.000000  0.846576  0.458625  ...  0.822892  0.315843  0.603746   \n",
       "기계     0.846576  1.000000  0.136387  ...  0.738021  0.383278  0.884151   \n",
       "전기전자   0.458625  0.136387  1.000000  ...  0.646196  0.317519 -0.142280   \n",
       "의료정밀   0.772546  0.507199  0.753657  ...  0.759763  0.452130  0.236100   \n",
       "운수장비   0.732135  0.457249  0.805636  ...  0.808114  0.138795  0.142572   \n",
       "유통업    0.822892  0.738021  0.646196  ...  1.000000  0.569448  0.580395   \n",
       "전기가스업  0.315843  0.383278  0.317519  ...  0.569448  1.000000  0.489794   \n",
       "건설업    0.603746  0.884151 -0.142280  ...  0.580395  0.489794  1.000000   \n",
       "운수창고업  0.919775  0.924605  0.317823  ...  0.797657  0.383716  0.742234   \n",
       "통신업   -0.073922  0.124319 -0.071230  ...  0.126239  0.691331  0.282869   \n",
       "금융업    0.625279  0.782659  0.153665  ...  0.749536  0.695227  0.872893   \n",
       "은행     0.481831  0.598425  0.010885  ...  0.576202  0.536820  0.729975   \n",
       "증권     0.616966  0.862480 -0.107219  ...  0.553812  0.521407  0.949742   \n",
       "보험     0.882905  0.785014  0.584161  ...  0.881782  0.595100  0.592520   \n",
       "서비스업   0.759393  0.514435  0.851958  ...  0.895320  0.450988  0.234505   \n",
       "\n",
       "          운수창고업       통신업       금융업        은행        증권        보험      서비스업  \n",
       "제조업    0.627703 -0.144394  0.355066  0.195860  0.155999  0.769443  0.966039  \n",
       "음식료품   0.413555  0.181726  0.314337  0.101799  0.058262  0.683319  0.889533  \n",
       "섬유의복   0.556390  0.291725  0.515728  0.327945  0.295365  0.754067  0.879833  \n",
       "종이목재   0.540109  0.573298  0.821419  0.626012  0.689359  0.622696  0.474833  \n",
       "화학     0.667911 -0.254153  0.311528  0.197428  0.168571  0.708365  0.921848  \n",
       "의약품    0.681012  0.369644  0.666025  0.392486  0.567692  0.898190  0.787905  \n",
       "비금속광물  0.173073  0.666155  0.397011  0.293348  0.335578  0.172186  0.196981  \n",
       "철강금속   0.919775 -0.073922  0.625279  0.481831  0.616966  0.882905  0.759393  \n",
       "기계     0.924605  0.124319  0.782659  0.598425  0.862480  0.785014  0.514435  \n",
       "전기전자   0.317823 -0.071230  0.153665  0.010885 -0.107219  0.584161  0.851958  \n",
       "의료정밀   0.621209  0.070288  0.454673  0.316909  0.312193  0.817403  0.845804  \n",
       "운수장비   0.603956 -0.278250  0.306399  0.181025  0.115102  0.679502  0.908177  \n",
       "유통업    0.797657  0.126239  0.749536  0.576202  0.553812  0.881782  0.895320  \n",
       "전기가스업  0.383716  0.691331  0.695227  0.536820  0.521407  0.595100  0.450988  \n",
       "건설업    0.742234  0.282869  0.872893  0.729975  0.949742  0.592520  0.234505  \n",
       "운수창고업  1.000000  0.058153  0.692527  0.520723  0.749115  0.839612  0.679239  \n",
       "통신업    0.058153  1.000000  0.360314  0.219187  0.333689  0.211442  0.029934  \n",
       "금융업    0.692527  0.360314  1.000000  0.906308  0.871490  0.705483  0.440643  \n",
       "은행     0.520723  0.219187  0.906308  1.000000  0.733708  0.463980  0.263258  \n",
       "증권     0.749115  0.333689  0.871490  0.733708  1.000000  0.628995  0.247868  \n",
       "보험     0.839612  0.211442  0.705483  0.463980  0.628995  1.000000  0.817317  \n",
       "서비스업   0.679239  0.029934  0.440643  0.263258  0.247868  0.817317  1.000000  \n",
       "\n",
       "[22 rows x 22 columns]"
      ]
     },
     "execution_count": 24,
     "metadata": {},
     "output_type": "execute_result"
    }
   ],
   "source": [
    "train.corr()"
   ]
  },
  {
   "cell_type": "code",
   "execution_count": 12,
   "metadata": {},
   "outputs": [],
   "source": [
    "model = Prophet()"
   ]
  },
  {
   "cell_type": "code",
   "execution_count": 23,
   "metadata": {},
   "outputs": [
    {
     "ename": "ValueError",
     "evalue": "Dataframe must have columns \"ds\" and \"y\" with the dates and values respectively.",
     "output_type": "error",
     "traceback": [
      "\u001b[1;31m---------------------------------------------------------------------------\u001b[0m",
      "\u001b[1;31mValueError\u001b[0m                                Traceback (most recent call last)",
      "\u001b[1;32m~\\AppData\\Local\\Temp\\ipykernel_13700\\1479463867.py\u001b[0m in \u001b[0;36m<module>\u001b[1;34m\u001b[0m\n\u001b[1;32m----> 1\u001b[1;33m \u001b[0mmodel\u001b[0m\u001b[1;33m.\u001b[0m\u001b[0mfit\u001b[0m\u001b[1;33m(\u001b[0m\u001b[0mtrain\u001b[0m\u001b[1;33m)\u001b[0m\u001b[1;33m\u001b[0m\u001b[1;33m\u001b[0m\u001b[0m\n\u001b[0m",
      "\u001b[1;32mc:\\Users\\user\\anaconda3\\lib\\site-packages\\prophet\\forecaster.py\u001b[0m in \u001b[0;36mfit\u001b[1;34m(self, df, **kwargs)\u001b[0m\n\u001b[0;32m   1105\u001b[0m                             'Instantiate a new object.')\n\u001b[0;32m   1106\u001b[0m         \u001b[1;32mif\u001b[0m \u001b[1;33m(\u001b[0m\u001b[1;34m'ds'\u001b[0m \u001b[1;32mnot\u001b[0m \u001b[1;32min\u001b[0m \u001b[0mdf\u001b[0m\u001b[1;33m)\u001b[0m \u001b[1;32mor\u001b[0m \u001b[1;33m(\u001b[0m\u001b[1;34m'y'\u001b[0m \u001b[1;32mnot\u001b[0m \u001b[1;32min\u001b[0m \u001b[0mdf\u001b[0m\u001b[1;33m)\u001b[0m\u001b[1;33m:\u001b[0m\u001b[1;33m\u001b[0m\u001b[1;33m\u001b[0m\u001b[0m\n\u001b[1;32m-> 1107\u001b[1;33m             raise ValueError(\n\u001b[0m\u001b[0;32m   1108\u001b[0m                 \u001b[1;34m'Dataframe must have columns \"ds\" and \"y\" with the dates and '\u001b[0m\u001b[1;33m\u001b[0m\u001b[1;33m\u001b[0m\u001b[0m\n\u001b[0;32m   1109\u001b[0m                 \u001b[1;34m'values respectively.'\u001b[0m\u001b[1;33m\u001b[0m\u001b[1;33m\u001b[0m\u001b[0m\n",
      "\u001b[1;31mValueError\u001b[0m: Dataframe must have columns \"ds\" and \"y\" with the dates and values respectively."
     ]
    }
   ],
   "source": [
    "model.fit(train)"
   ]
  },
  {
   "cell_type": "code",
   "execution_count": null,
   "metadata": {},
   "outputs": [],
   "source": []
  }
 ],
 "metadata": {
  "kernelspec": {
   "display_name": "base",
   "language": "python",
   "name": "python3"
  },
  "language_info": {
   "codemirror_mode": {
    "name": "ipython",
    "version": 3
   },
   "file_extension": ".py",
   "mimetype": "text/x-python",
   "name": "python",
   "nbconvert_exporter": "python",
   "pygments_lexer": "ipython3",
   "version": "3.9.15 (main, Nov  4 2022, 16:35:55) [MSC v.1916 64 bit (AMD64)]"
  },
  "orig_nbformat": 4,
  "vscode": {
   "interpreter": {
    "hash": "a077222d77dfe082b8f1dd562ad70e458ac2ab76993a0b248ab0476e32e9e8dd"
   }
  }
 },
 "nbformat": 4,
 "nbformat_minor": 2
}
